noise_type,N_T,A_T,lr,ewc_lambda,zeta
brightness, 0, 0.467800,0.000000,0.000000,0.000000
brightness, 1, 0.053400,0.000010,0.000000,10.000000
brightness, 2, 0.220000,0.000010,0.000000,10.000000
brightness, 4, 0.407800,0.000010,0.000000,10.000000
brightness, 6, 0.461900,0.000010,0.000000,10.000000
brightness, 8, 0.471200,0.000010,0.000000,10.000000
brightness, 10, 0.491600,0.000010,0.000000,10.000000
brightness, 12, 0.502300,0.000010,0.000000,10.000000
brightness, 14, 0.505600,0.000010,0.000000,10.000000
brightness, 16, 0.513800,0.000010,0.000000,10.000000
brightness, 18, 0.518400,0.000010,0.000000,10.000000
brightness, 20, 0.522100,0.000010,0.000000,10.000000
brightness, 22, 0.527000,0.000010,0.000000,10.000000
brightness, 24, 0.536200,0.000010,0.000000,10.000000
brightness, 26, 0.534500,0.000010,0.000000,10.000000
brightness, 28, 0.542800,0.000010,0.000000,10.000000
brightness, 30, 0.543200,0.000010,0.000000,10.000000
brightness, 32, 0.545300,0.000010,0.000000,10.000000
brightness, 34, 0.545600,0.000010,0.000000,10.000000
brightness, 36, 0.545200,0.000010,0.000000,10.000000
brightness, 38, 0.547400,0.000010,0.000000,10.000000
brightness, 40, 0.545100,0.000010,0.000000,10.000000
brightness, 42, 0.544000,0.000010,0.000000,10.000000
brightness, 44, 0.546700,0.000010,0.000000,10.000000
brightness, 46, 0.545000,0.000010,0.000000,10.000000
brightness, 48, 0.545300,0.000010,0.000000,10.000000
brightness, 50, 0.548900,0.000010,0.000000,10.000000
brightness, 52, 0.549200,0.000010,0.000000,10.000000
brightness, 54, 0.549500,0.000010,0.000000,10.000000
brightness, 56, 0.550900,0.000010,0.000000,10.000000
brightness, 58, 0.550800,0.000010,0.000000,10.000000
brightness, 60, 0.551600,0.000010,0.000000,10.000000
brightness, 62, 0.550900,0.000010,0.000000,10.000000
brightness, 64, 0.552000,0.000010,0.000000,10.000000
brightness, 66, 0.352500,0.000010,0.000000,10.000000
brightness, 68, 0.457300,0.000010,0.000000,10.000000
brightness, 70, 0.513000,0.000010,0.000000,10.000000
brightness, 72, 0.530000,0.000010,0.000000,10.000000
brightness, 74, 0.543100,0.000010,0.000000,10.000000
brightness, 76, 0.539300,0.000010,0.000000,10.000000
brightness, 78, 0.542000,0.000010,0.000000,10.000000
brightness, 80, 0.542900,0.000010,0.000000,10.000000
brightness, 82, 0.546500,0.000010,0.000000,10.000000
brightness, 84, 0.546100,0.000010,0.000000,10.000000
brightness, 86, 0.547800,0.000010,0.000000,10.000000
brightness, 88, 0.551100,0.000010,0.000000,10.000000
brightness, 90, 0.549200,0.000010,0.000000,10.000000
brightness, 92, 0.548600,0.000010,0.000000,10.000000
brightness, 94, 0.553900,0.000010,0.000000,10.000000
brightness, 96, 0.550400,0.000010,0.000000,10.000000
brightness, 98, 0.553700,0.000010,0.000000,10.000000
brightness, 100, 0.553200,0.000010,0.000000,10.000000
contrast, 0, 0.083700,0.000000,0.000000,0.000000
contrast, 1, 0.020500,0.000010,0.000000,10.000000
contrast, 2, 0.032900,0.000010,0.000000,10.000000
contrast, 4, 0.095200,0.000010,0.000000,10.000000
contrast, 6, 0.118600,0.000010,0.000000,10.000000
contrast, 8, 0.125700,0.000010,0.000000,10.000000
contrast, 10, 0.128600,0.000010,0.000000,10.000000
contrast, 12, 0.148500,0.000010,0.000000,10.000000
contrast, 14, 0.151000,0.000010,0.000000,10.000000
contrast, 16, 0.150700,0.000010,0.000000,10.000000
contrast, 18, 0.159900,0.000010,0.000000,10.000000
contrast, 20, 0.172200,0.000010,0.000000,10.000000
contrast, 22, 0.173900,0.000010,0.000000,10.000000
contrast, 24, 0.170200,0.000010,0.000000,10.000000
contrast, 26, 0.166000,0.000010,0.000000,10.000000
contrast, 28, 0.169000,0.000010,0.000000,10.000000
contrast, 30, 0.169600,0.000010,0.000000,10.000000
contrast, 32, 0.182400,0.000010,0.000000,10.000000
contrast, 34, 0.181400,0.000010,0.000000,10.000000
contrast, 36, 0.179100,0.000010,0.000000,10.000000
contrast, 38, 0.177600,0.000010,0.000000,10.000000
contrast, 40, 0.178100,0.000010,0.000000,10.000000
contrast, 42, 0.182500,0.000010,0.000000,10.000000
contrast, 44, 0.181100,0.000010,0.000000,10.000000
contrast, 46, 0.179600,0.000010,0.000000,10.000000
contrast, 48, 0.182400,0.000010,0.000000,10.000000
contrast, 50, 0.181700,0.000010,0.000000,10.000000
contrast, 52, 0.185500,0.000010,0.000000,10.000000
contrast, 54, 0.182800,0.000010,0.000000,10.000000
contrast, 56, 0.187100,0.000010,0.000000,10.000000
contrast, 58, 0.193300,0.000010,0.000000,10.000000
contrast, 60, 0.191000,0.000010,0.000000,10.000000
contrast, 62, 0.192000,0.000010,0.000000,10.000000
contrast, 64, 0.192200,0.000010,0.000000,10.000000
contrast, 66, 0.155000,0.000010,0.000000,10.000000
contrast, 68, 0.253400,0.000010,0.000000,10.000000
contrast, 70, 0.288400,0.000010,0.000000,10.000000
contrast, 72, 0.307300,0.000010,0.000000,10.000000
contrast, 74, 0.310000,0.000010,0.000000,10.000000
contrast, 76, 0.308800,0.000010,0.000000,10.000000
contrast, 78, 0.311800,0.000010,0.000000,10.000000
contrast, 80, 0.322500,0.000010,0.000000,10.000000
contrast, 82, 0.327100,0.000010,0.000000,10.000000
contrast, 84, 0.320200,0.000010,0.000000,10.000000
contrast, 86, 0.320700,0.000010,0.000000,10.000000
contrast, 88, 0.320200,0.000010,0.000000,10.000000
contrast, 90, 0.316300,0.000010,0.000000,10.000000
contrast, 92, 0.326500,0.000010,0.000000,10.000000
contrast, 94, 0.326300,0.000010,0.000000,10.000000
contrast, 96, 0.322200,0.000010,0.000000,10.000000
contrast, 98, 0.330500,0.000010,0.000000,10.000000
contrast, 100, 0.331900,0.000010,0.000000,10.000000
defocus_blur, 0, 0.307900,0.000000,0.000000,0.000000
defocus_blur, 1, 0.104600,0.000010,0.000000,10.000000
defocus_blur, 2, 0.172600,0.000010,0.000000,10.000000
defocus_blur, 4, 0.311400,0.000010,0.000000,10.000000
defocus_blur, 6, 0.331500,0.000010,0.000000,10.000000
defocus_blur, 8, 0.354800,0.000010,0.000000,10.000000
defocus_blur, 10, 0.373500,0.000010,0.000000,10.000000
defocus_blur, 12, 0.374200,0.000010,0.000000,10.000000
defocus_blur, 14, 0.384500,0.000010,0.000000,10.000000
defocus_blur, 16, 0.403000,0.000010,0.000000,10.000000
defocus_blur, 18, 0.405700,0.000010,0.000000,10.000000
defocus_blur, 20, 0.422400,0.000010,0.000000,10.000000
defocus_blur, 22, 0.419900,0.000010,0.000000,10.000000
defocus_blur, 24, 0.421100,0.000010,0.000000,10.000000
defocus_blur, 26, 0.420000,0.000010,0.000000,10.000000
defocus_blur, 28, 0.426800,0.000010,0.000000,10.000000
defocus_blur, 30, 0.434900,0.000010,0.000000,10.000000
defocus_blur, 32, 0.436400,0.000010,0.000000,10.000000
defocus_blur, 34, 0.440500,0.000010,0.000000,10.000000
defocus_blur, 36, 0.438800,0.000010,0.000000,10.000000
defocus_blur, 38, 0.435900,0.000010,0.000000,10.000000
defocus_blur, 40, 0.437100,0.000010,0.000000,10.000000
defocus_blur, 42, 0.431500,0.000010,0.000000,10.000000
defocus_blur, 44, 0.439700,0.000010,0.000000,10.000000
defocus_blur, 46, 0.435800,0.000010,0.000000,10.000000
defocus_blur, 48, 0.439200,0.000010,0.000000,10.000000
defocus_blur, 50, 0.436200,0.000010,0.000000,10.000000
defocus_blur, 52, 0.437300,0.000010,0.000000,10.000000
defocus_blur, 54, 0.443300,0.000010,0.000000,10.000000
defocus_blur, 56, 0.443900,0.000010,0.000000,10.000000
defocus_blur, 58, 0.441800,0.000010,0.000000,10.000000
defocus_blur, 60, 0.437700,0.000010,0.000000,10.000000
defocus_blur, 62, 0.444300,0.000010,0.000000,10.000000
defocus_blur, 64, 0.444300,0.000010,0.000000,10.000000
defocus_blur, 66, 0.329900,0.000010,0.000000,10.000000
defocus_blur, 68, 0.434900,0.000010,0.000000,10.000000
defocus_blur, 70, 0.479000,0.000010,0.000000,10.000000
defocus_blur, 72, 0.492500,0.000010,0.000000,10.000000
defocus_blur, 74, 0.498300,0.000010,0.000000,10.000000
defocus_blur, 76, 0.495400,0.000010,0.000000,10.000000
defocus_blur, 78, 0.496800,0.000010,0.000000,10.000000
defocus_blur, 80, 0.495800,0.000010,0.000000,10.000000
defocus_blur, 82, 0.497400,0.000010,0.000000,10.000000
defocus_blur, 84, 0.501100,0.000010,0.000000,10.000000
defocus_blur, 86, 0.508800,0.000010,0.000000,10.000000
defocus_blur, 88, 0.509200,0.000010,0.000000,10.000000
defocus_blur, 90, 0.509500,0.000010,0.000000,10.000000
defocus_blur, 92, 0.510800,0.000010,0.000000,10.000000
defocus_blur, 94, 0.510400,0.000010,0.000000,10.000000
defocus_blur, 96, 0.511400,0.000010,0.000000,10.000000
defocus_blur, 98, 0.510300,0.000010,0.000000,10.000000
defocus_blur, 100, 0.514400,0.000010,0.000000,10.000000
elastic_transform, 0, 0.433900,0.000000,0.000000,0.000000
elastic_transform, 1, 0.175200,0.000010,0.000000,10.000000
elastic_transform, 2, 0.246200,0.000010,0.000000,10.000000
elastic_transform, 4, 0.345500,0.000010,0.000000,10.000000
elastic_transform, 6, 0.395100,0.000010,0.000000,10.000000
elastic_transform, 8, 0.404400,0.000010,0.000000,10.000000
elastic_transform, 10, 0.415200,0.000010,0.000000,10.000000
elastic_transform, 12, 0.424700,0.000010,0.000000,10.000000
elastic_transform, 14, 0.429800,0.000010,0.000000,10.000000
elastic_transform, 16, 0.442500,0.000010,0.000000,10.000000
elastic_transform, 18, 0.441300,0.000010,0.000000,10.000000
elastic_transform, 20, 0.445100,0.000010,0.000000,10.000000
elastic_transform, 22, 0.442800,0.000010,0.000000,10.000000
elastic_transform, 24, 0.438400,0.000010,0.000000,10.000000
elastic_transform, 26, 0.440600,0.000010,0.000000,10.000000
elastic_transform, 28, 0.438700,0.000010,0.000000,10.000000
elastic_transform, 30, 0.440300,0.000010,0.000000,10.000000
elastic_transform, 32, 0.441900,0.000010,0.000000,10.000000
elastic_transform, 34, 0.439800,0.000010,0.000000,10.000000
elastic_transform, 36, 0.441500,0.000010,0.000000,10.000000
elastic_transform, 38, 0.441500,0.000010,0.000000,10.000000
elastic_transform, 40, 0.440100,0.000010,0.000000,10.000000
elastic_transform, 42, 0.441900,0.000010,0.000000,10.000000
elastic_transform, 44, 0.447800,0.000010,0.000000,10.000000
elastic_transform, 46, 0.447400,0.000010,0.000000,10.000000
elastic_transform, 48, 0.447000,0.000010,0.000000,10.000000
elastic_transform, 50, 0.448100,0.000010,0.000000,10.000000
elastic_transform, 52, 0.447500,0.000010,0.000000,10.000000
elastic_transform, 54, 0.448700,0.000010,0.000000,10.000000
elastic_transform, 56, 0.451200,0.000010,0.000000,10.000000
elastic_transform, 58, 0.448600,0.000010,0.000000,10.000000
elastic_transform, 60, 0.451700,0.000010,0.000000,10.000000
elastic_transform, 62, 0.453800,0.000010,0.000000,10.000000
elastic_transform, 64, 0.451000,0.000010,0.000000,10.000000
elastic_transform, 66, 0.314200,0.000010,0.000000,10.000000
elastic_transform, 68, 0.411500,0.000010,0.000000,10.000000
elastic_transform, 70, 0.433500,0.000010,0.000000,10.000000
elastic_transform, 72, 0.447900,0.000010,0.000000,10.000000
elastic_transform, 74, 0.448100,0.000010,0.000000,10.000000
elastic_transform, 76, 0.455000,0.000010,0.000000,10.000000
elastic_transform, 78, 0.454500,0.000010,0.000000,10.000000
elastic_transform, 80, 0.465600,0.000010,0.000000,10.000000
elastic_transform, 82, 0.466400,0.000010,0.000000,10.000000
elastic_transform, 84, 0.467600,0.000010,0.000000,10.000000
elastic_transform, 86, 0.468300,0.000010,0.000000,10.000000
elastic_transform, 88, 0.465600,0.000010,0.000000,10.000000
elastic_transform, 90, 0.470200,0.000010,0.000000,10.000000
elastic_transform, 92, 0.468700,0.000010,0.000000,10.000000
elastic_transform, 94, 0.468000,0.000010,0.000000,10.000000
elastic_transform, 96, 0.471200,0.000010,0.000000,10.000000
elastic_transform, 98, 0.471100,0.000010,0.000000,10.000000
elastic_transform, 100, 0.471500,0.000010,0.000000,10.000000
fog, 0, 0.192700,0.000000,0.000000,0.000000
fog, 1, 0.090300,0.000010,0.000000,10.000000
fog, 2, 0.108200,0.000010,0.000000,10.000000
fog, 4, 0.155300,0.000010,0.000000,10.000000
fog, 6, 0.208100,0.000010,0.000000,10.000000
fog, 8, 0.243800,0.000010,0.000000,10.000000
fog, 10, 0.269600,0.000010,0.000000,10.000000
fog, 12, 0.275100,0.000010,0.000000,10.000000
fog, 14, 0.284000,0.000010,0.000000,10.000000
fog, 16, 0.301900,0.000010,0.000000,10.000000
fog, 18, 0.299000,0.000010,0.000000,10.000000
fog, 20, 0.307200,0.000010,0.000000,10.000000
fog, 22, 0.317600,0.000010,0.000000,10.000000
fog, 24, 0.313300,0.000010,0.000000,10.000000
fog, 26, 0.314600,0.000010,0.000000,10.000000
fog, 28, 0.314400,0.000010,0.000000,10.000000
fog, 30, 0.314900,0.000010,0.000000,10.000000
fog, 32, 0.311100,0.000010,0.000000,10.000000
fog, 34, 0.314900,0.000010,0.000000,10.000000
fog, 36, 0.314500,0.000010,0.000000,10.000000
fog, 38, 0.314500,0.000010,0.000000,10.000000
fog, 40, 0.310900,0.000010,0.000000,10.000000
fog, 42, 0.313300,0.000010,0.000000,10.000000
fog, 44, 0.306600,0.000010,0.000000,10.000000
fog, 46, 0.307200,0.000010,0.000000,10.000000
fog, 48, 0.308300,0.000010,0.000000,10.000000
fog, 50, 0.304400,0.000010,0.000000,10.000000
fog, 52, 0.305700,0.000010,0.000000,10.000000
fog, 54, 0.306300,0.000010,0.000000,10.000000
fog, 56, 0.306600,0.000010,0.000000,10.000000
fog, 58, 0.307300,0.000010,0.000000,10.000000
fog, 60, 0.307100,0.000010,0.000000,10.000000
fog, 62, 0.308700,0.000010,0.000000,10.000000
fog, 64, 0.313700,0.000010,0.000000,10.000000
fog, 66, 0.298400,0.000010,0.000000,10.000000
fog, 68, 0.343200,0.000010,0.000000,10.000000
fog, 70, 0.356600,0.000010,0.000000,10.000000
fog, 72, 0.354700,0.000010,0.000000,10.000000
fog, 74, 0.347500,0.000010,0.000000,10.000000
fog, 76, 0.345200,0.000010,0.000000,10.000000
fog, 78, 0.353500,0.000010,0.000000,10.000000
fog, 80, 0.356400,0.000010,0.000000,10.000000
fog, 82, 0.359800,0.000010,0.000000,10.000000
fog, 84, 0.353800,0.000010,0.000000,10.000000
fog, 86, 0.358600,0.000010,0.000000,10.000000
fog, 88, 0.358300,0.000010,0.000000,10.000000
fog, 90, 0.362800,0.000010,0.000000,10.000000
fog, 92, 0.364400,0.000010,0.000000,10.000000
fog, 94, 0.365000,0.000010,0.000000,10.000000
fog, 96, 0.362800,0.000010,0.000000,10.000000
fog, 98, 0.363100,0.000010,0.000000,10.000000
fog, 100, 0.367000,0.000010,0.000000,10.000000
frost, 0, 0.347500,0.000000,0.000000,0.000000
frost, 1, 0.150700,0.000010,0.000000,10.000000
frost, 2, 0.217100,0.000010,0.000000,10.000000
frost, 4, 0.307200,0.000010,0.000000,10.000000
frost, 6, 0.357300,0.000010,0.000000,10.000000
frost, 8, 0.387700,0.000010,0.000000,10.000000
frost, 10, 0.407200,0.000010,0.000000,10.000000
frost, 12, 0.418500,0.000010,0.000000,10.000000
frost, 14, 0.423700,0.000010,0.000000,10.000000
frost, 16, 0.433300,0.000010,0.000000,10.000000
frost, 18, 0.438200,0.000010,0.000000,10.000000
frost, 20, 0.443900,0.000010,0.000000,10.000000
frost, 22, 0.443300,0.000010,0.000000,10.000000
frost, 24, 0.440400,0.000010,0.000000,10.000000
frost, 26, 0.443100,0.000010,0.000000,10.000000
frost, 28, 0.447700,0.000010,0.000000,10.000000
frost, 30, 0.450500,0.000010,0.000000,10.000000
frost, 32, 0.451600,0.000010,0.000000,10.000000
frost, 34, 0.452000,0.000010,0.000000,10.000000
frost, 36, 0.450200,0.000010,0.000000,10.000000
frost, 38, 0.448600,0.000010,0.000000,10.000000
frost, 40, 0.450800,0.000010,0.000000,10.000000
frost, 42, 0.454700,0.000010,0.000000,10.000000
frost, 44, 0.453600,0.000010,0.000000,10.000000
frost, 46, 0.455000,0.000010,0.000000,10.000000
frost, 48, 0.454600,0.000010,0.000000,10.000000
frost, 50, 0.453300,0.000010,0.000000,10.000000
frost, 52, 0.454400,0.000010,0.000000,10.000000
frost, 54, 0.453200,0.000010,0.000000,10.000000
frost, 56, 0.457900,0.000010,0.000000,10.000000
frost, 58, 0.456200,0.000010,0.000000,10.000000
frost, 60, 0.456100,0.000010,0.000000,10.000000
frost, 62, 0.458000,0.000010,0.000000,10.000000
frost, 64, 0.454500,0.000010,0.000000,10.000000
frost, 66, 0.276800,0.000010,0.000000,10.000000
frost, 68, 0.383400,0.000010,0.000000,10.000000
frost, 70, 0.412500,0.000010,0.000000,10.000000
frost, 72, 0.435400,0.000010,0.000000,10.000000
frost, 74, 0.439400,0.000010,0.000000,10.000000
frost, 76, 0.453400,0.000010,0.000000,10.000000
frost, 78, 0.453400,0.000010,0.000000,10.000000
frost, 80, 0.455200,0.000010,0.000000,10.000000
frost, 82, 0.456100,0.000010,0.000000,10.000000
frost, 84, 0.454100,0.000010,0.000000,10.000000
frost, 86, 0.455100,0.000010,0.000000,10.000000
frost, 88, 0.452300,0.000010,0.000000,10.000000
frost, 90, 0.455500,0.000010,0.000000,10.000000
frost, 92, 0.455600,0.000010,0.000000,10.000000
frost, 94, 0.460400,0.000010,0.000000,10.000000
frost, 96, 0.463900,0.000010,0.000000,10.000000
frost, 98, 0.461700,0.000010,0.000000,10.000000
frost, 100, 0.461100,0.000010,0.000000,10.000000
gaussian_noise, 0, 0.245900,0.000000,0.000000,0.000000
gaussian_noise, 1, 0.098500,0.000010,0.000000,10.000000
gaussian_noise, 2, 0.239500,0.000010,0.000000,10.000000
gaussian_noise, 4, 0.334700,0.000010,0.000000,10.000000
gaussian_noise, 6, 0.351800,0.000010,0.000000,10.000000
gaussian_noise, 8, 0.367700,0.000010,0.000000,10.000000
gaussian_noise, 10, 0.369700,0.000010,0.000000,10.000000
gaussian_noise, 12, 0.386400,0.000010,0.000000,10.000000
gaussian_noise, 14, 0.397100,0.000010,0.000000,10.000000
gaussian_noise, 16, 0.399000,0.000010,0.000000,10.000000
gaussian_noise, 18, 0.393100,0.000010,0.000000,10.000000
gaussian_noise, 20, 0.399700,0.000010,0.000000,10.000000
gaussian_noise, 22, 0.400000,0.000010,0.000000,10.000000
gaussian_noise, 24, 0.401700,0.000010,0.000000,10.000000
gaussian_noise, 26, 0.402700,0.000010,0.000000,10.000000
gaussian_noise, 28, 0.403900,0.000010,0.000000,10.000000
gaussian_noise, 30, 0.402100,0.000010,0.000000,10.000000
gaussian_noise, 32, 0.401900,0.000010,0.000000,10.000000
gaussian_noise, 34, 0.401900,0.000010,0.000000,10.000000
gaussian_noise, 36, 0.404000,0.000010,0.000000,10.000000
gaussian_noise, 38, 0.401100,0.000010,0.000000,10.000000
gaussian_noise, 40, 0.402100,0.000010,0.000000,10.000000
gaussian_noise, 42, 0.404400,0.000010,0.000000,10.000000
gaussian_noise, 44, 0.404000,0.000010,0.000000,10.000000
gaussian_noise, 46, 0.406900,0.000010,0.000000,10.000000
gaussian_noise, 48, 0.404300,0.000010,0.000000,10.000000
gaussian_noise, 50, 0.402100,0.000010,0.000000,10.000000
gaussian_noise, 52, 0.401100,0.000010,0.000000,10.000000
gaussian_noise, 54, 0.398500,0.000010,0.000000,10.000000
gaussian_noise, 56, 0.404800,0.000010,0.000000,10.000000
gaussian_noise, 58, 0.404300,0.000010,0.000000,10.000000
gaussian_noise, 60, 0.410800,0.000010,0.000000,10.000000
gaussian_noise, 62, 0.411600,0.000010,0.000000,10.000000
gaussian_noise, 64, 0.408300,0.000010,0.000000,10.000000
gaussian_noise, 66, 0.304500,0.000010,0.000000,10.000000
gaussian_noise, 68, 0.396200,0.000010,0.000000,10.000000
gaussian_noise, 70, 0.421500,0.000010,0.000000,10.000000
gaussian_noise, 72, 0.424600,0.000010,0.000000,10.000000
gaussian_noise, 74, 0.427000,0.000010,0.000000,10.000000
gaussian_noise, 76, 0.433000,0.000010,0.000000,10.000000
gaussian_noise, 78, 0.437600,0.000010,0.000000,10.000000
gaussian_noise, 80, 0.436800,0.000010,0.000000,10.000000
gaussian_noise, 82, 0.443100,0.000010,0.000000,10.000000
gaussian_noise, 84, 0.441000,0.000010,0.000000,10.000000
gaussian_noise, 86, 0.440200,0.000010,0.000000,10.000000
gaussian_noise, 88, 0.440800,0.000010,0.000000,10.000000
gaussian_noise, 90, 0.441400,0.000010,0.000000,10.000000
gaussian_noise, 92, 0.439500,0.000010,0.000000,10.000000
gaussian_noise, 94, 0.443200,0.000010,0.000000,10.000000
gaussian_noise, 96, 0.443100,0.000010,0.000000,10.000000
gaussian_noise, 98, 0.442200,0.000010,0.000000,10.000000
gaussian_noise, 100, 0.443900,0.000010,0.000000,10.000000
glass_blur, 0, 0.304100,0.000000,0.000000,0.000000
glass_blur, 1, 0.118900,0.000010,0.000000,10.000000
glass_blur, 2, 0.229800,0.000010,0.000000,10.000000
glass_blur, 4, 0.278900,0.000010,0.000000,10.000000
glass_blur, 6, 0.310500,0.000010,0.000000,10.000000
glass_blur, 8, 0.325900,0.000010,0.000000,10.000000
glass_blur, 10, 0.334700,0.000010,0.000000,10.000000
glass_blur, 12, 0.338500,0.000010,0.000000,10.000000
glass_blur, 14, 0.345100,0.000010,0.000000,10.000000
glass_blur, 16, 0.347500,0.000010,0.000000,10.000000
glass_blur, 18, 0.351200,0.000010,0.000000,10.000000
glass_blur, 20, 0.355800,0.000010,0.000000,10.000000
glass_blur, 22, 0.356900,0.000010,0.000000,10.000000
glass_blur, 24, 0.359100,0.000010,0.000000,10.000000
glass_blur, 26, 0.360200,0.000010,0.000000,10.000000
glass_blur, 28, 0.359100,0.000010,0.000000,10.000000
glass_blur, 30, 0.361400,0.000010,0.000000,10.000000
glass_blur, 32, 0.360600,0.000010,0.000000,10.000000
glass_blur, 34, 0.362700,0.000010,0.000000,10.000000
glass_blur, 36, 0.362800,0.000010,0.000000,10.000000
glass_blur, 38, 0.367700,0.000010,0.000000,10.000000
glass_blur, 40, 0.366900,0.000010,0.000000,10.000000
glass_blur, 42, 0.366700,0.000010,0.000000,10.000000
glass_blur, 44, 0.364500,0.000010,0.000000,10.000000
glass_blur, 46, 0.363800,0.000010,0.000000,10.000000
glass_blur, 48, 0.365200,0.000010,0.000000,10.000000
glass_blur, 50, 0.369900,0.000010,0.000000,10.000000
glass_blur, 52, 0.367700,0.000010,0.000000,10.000000
glass_blur, 54, 0.365900,0.000010,0.000000,10.000000
glass_blur, 56, 0.370500,0.000010,0.000000,10.000000
glass_blur, 58, 0.370100,0.000010,0.000000,10.000000
glass_blur, 60, 0.370000,0.000010,0.000000,10.000000
glass_blur, 62, 0.371700,0.000010,0.000000,10.000000
glass_blur, 64, 0.367500,0.000010,0.000000,10.000000
glass_blur, 66, 0.298200,0.000010,0.000000,10.000000
glass_blur, 68, 0.360600,0.000010,0.000000,10.000000
glass_blur, 70, 0.370100,0.000010,0.000000,10.000000
glass_blur, 72, 0.383300,0.000010,0.000000,10.000000
glass_blur, 74, 0.392100,0.000010,0.000000,10.000000
glass_blur, 76, 0.396900,0.000010,0.000000,10.000000
glass_blur, 78, 0.392400,0.000010,0.000000,10.000000
glass_blur, 80, 0.394300,0.000010,0.000000,10.000000
glass_blur, 82, 0.394200,0.000010,0.000000,10.000000
glass_blur, 84, 0.396400,0.000010,0.000000,10.000000
glass_blur, 86, 0.395600,0.000010,0.000000,10.000000
glass_blur, 88, 0.395900,0.000010,0.000000,10.000000
glass_blur, 90, 0.393300,0.000010,0.000000,10.000000
glass_blur, 92, 0.399900,0.000010,0.000000,10.000000
glass_blur, 94, 0.397400,0.000010,0.000000,10.000000
glass_blur, 96, 0.401500,0.000010,0.000000,10.000000
glass_blur, 98, 0.401600,0.000010,0.000000,10.000000
glass_blur, 100, 0.399400,0.000010,0.000000,10.000000
impulse_noise, 0, 0.098300,0.000000,0.000000,0.000000
impulse_noise, 1, 0.098700,0.000010,0.000000,10.000000
impulse_noise, 2, 0.175000,0.000010,0.000000,10.000000
impulse_noise, 4, 0.225000,0.000010,0.000000,10.000000
impulse_noise, 6, 0.245900,0.000010,0.000000,10.000000
impulse_noise, 8, 0.263800,0.000010,0.000000,10.000000
impulse_noise, 10, 0.271900,0.000010,0.000000,10.000000
impulse_noise, 12, 0.274700,0.000010,0.000000,10.000000
impulse_noise, 14, 0.280000,0.000010,0.000000,10.000000
impulse_noise, 16, 0.282000,0.000010,0.000000,10.000000
impulse_noise, 18, 0.281700,0.000010,0.000000,10.000000
impulse_noise, 20, 0.281500,0.000010,0.000000,10.000000
impulse_noise, 22, 0.281000,0.000010,0.000000,10.000000
impulse_noise, 24, 0.277100,0.000010,0.000000,10.000000
impulse_noise, 26, 0.281300,0.000010,0.000000,10.000000
impulse_noise, 28, 0.279200,0.000010,0.000000,10.000000
impulse_noise, 30, 0.276600,0.000010,0.000000,10.000000
impulse_noise, 32, 0.281100,0.000010,0.000000,10.000000
impulse_noise, 34, 0.278300,0.000010,0.000000,10.000000
impulse_noise, 36, 0.280100,0.000010,0.000000,10.000000
impulse_noise, 38, 0.282400,0.000010,0.000000,10.000000
impulse_noise, 40, 0.283500,0.000010,0.000000,10.000000
impulse_noise, 42, 0.284100,0.000010,0.000000,10.000000
impulse_noise, 44, 0.286000,0.000010,0.000000,10.000000
impulse_noise, 46, 0.283200,0.000010,0.000000,10.000000
impulse_noise, 48, 0.280900,0.000010,0.000000,10.000000
impulse_noise, 50, 0.279700,0.000010,0.000000,10.000000
impulse_noise, 52, 0.278400,0.000010,0.000000,10.000000
impulse_noise, 54, 0.279600,0.000010,0.000000,10.000000
impulse_noise, 56, 0.279700,0.000010,0.000000,10.000000
impulse_noise, 58, 0.275200,0.000010,0.000000,10.000000
impulse_noise, 60, 0.278400,0.000010,0.000000,10.000000
impulse_noise, 62, 0.277600,0.000010,0.000000,10.000000
impulse_noise, 64, 0.279700,0.000010,0.000000,10.000000
impulse_noise, 66, 0.251400,0.000010,0.000000,10.000000
impulse_noise, 68, 0.294300,0.000010,0.000000,10.000000
impulse_noise, 70, 0.306500,0.000010,0.000000,10.000000
impulse_noise, 72, 0.318800,0.000010,0.000000,10.000000
impulse_noise, 74, 0.328300,0.000010,0.000000,10.000000
impulse_noise, 76, 0.328600,0.000010,0.000000,10.000000
impulse_noise, 78, 0.331900,0.000010,0.000000,10.000000
impulse_noise, 80, 0.333900,0.000010,0.000000,10.000000
impulse_noise, 82, 0.333800,0.000010,0.000000,10.000000
impulse_noise, 84, 0.334300,0.000010,0.000000,10.000000
impulse_noise, 86, 0.336600,0.000010,0.000000,10.000000
impulse_noise, 88, 0.334100,0.000010,0.000000,10.000000
impulse_noise, 90, 0.340200,0.000010,0.000000,10.000000
impulse_noise, 92, 0.338300,0.000010,0.000000,10.000000
impulse_noise, 94, 0.337100,0.000010,0.000000,10.000000
impulse_noise, 96, 0.338600,0.000010,0.000000,10.000000
impulse_noise, 98, 0.339400,0.000010,0.000000,10.000000
impulse_noise, 100, 0.340300,0.000010,0.000000,10.000000
jpeg_compression, 0, 0.503100,0.000000,0.000000,0.000000
jpeg_compression, 1, 0.101500,0.000010,0.000000,10.000000
jpeg_compression, 2, 0.298500,0.000010,0.000000,10.000000
jpeg_compression, 4, 0.366200,0.000010,0.000000,10.000000
jpeg_compression, 6, 0.420700,0.000010,0.000000,10.000000
jpeg_compression, 8, 0.465900,0.000010,0.000000,10.000000
jpeg_compression, 10, 0.477000,0.000010,0.000000,10.000000
jpeg_compression, 12, 0.477300,0.000010,0.000000,10.000000
jpeg_compression, 14, 0.491300,0.000010,0.000000,10.000000
jpeg_compression, 16, 0.497000,0.000010,0.000000,10.000000
jpeg_compression, 18, 0.502600,0.000010,0.000000,10.000000
jpeg_compression, 20, 0.501600,0.000010,0.000000,10.000000
jpeg_compression, 22, 0.506100,0.000010,0.000000,10.000000
jpeg_compression, 24, 0.505800,0.000010,0.000000,10.000000
jpeg_compression, 26, 0.509600,0.000010,0.000000,10.000000
jpeg_compression, 28, 0.512600,0.000010,0.000000,10.000000
jpeg_compression, 30, 0.513600,0.000010,0.000000,10.000000
jpeg_compression, 32, 0.510100,0.000010,0.000000,10.000000
jpeg_compression, 34, 0.514000,0.000010,0.000000,10.000000
jpeg_compression, 36, 0.516800,0.000010,0.000000,10.000000
jpeg_compression, 38, 0.518600,0.000010,0.000000,10.000000
jpeg_compression, 40, 0.517200,0.000010,0.000000,10.000000
jpeg_compression, 42, 0.519000,0.000010,0.000000,10.000000
jpeg_compression, 44, 0.516600,0.000010,0.000000,10.000000
jpeg_compression, 46, 0.519500,0.000010,0.000000,10.000000
jpeg_compression, 48, 0.518200,0.000010,0.000000,10.000000
jpeg_compression, 50, 0.518800,0.000010,0.000000,10.000000
jpeg_compression, 52, 0.517600,0.000010,0.000000,10.000000
jpeg_compression, 54, 0.519100,0.000010,0.000000,10.000000
jpeg_compression, 56, 0.520300,0.000010,0.000000,10.000000
jpeg_compression, 58, 0.517700,0.000010,0.000000,10.000000
jpeg_compression, 60, 0.520500,0.000010,0.000000,10.000000
jpeg_compression, 62, 0.517600,0.000010,0.000000,10.000000
jpeg_compression, 64, 0.518600,0.000010,0.000000,10.000000
jpeg_compression, 66, 0.381900,0.000010,0.000000,10.000000
jpeg_compression, 68, 0.429600,0.000010,0.000000,10.000000
jpeg_compression, 70, 0.473600,0.000010,0.000000,10.000000
jpeg_compression, 72, 0.481500,0.000010,0.000000,10.000000
jpeg_compression, 74, 0.484600,0.000010,0.000000,10.000000
jpeg_compression, 76, 0.493000,0.000010,0.000000,10.000000
jpeg_compression, 78, 0.498000,0.000010,0.000000,10.000000
jpeg_compression, 80, 0.498300,0.000010,0.000000,10.000000
jpeg_compression, 82, 0.501200,0.000010,0.000000,10.000000
jpeg_compression, 84, 0.504900,0.000010,0.000000,10.000000
jpeg_compression, 86, 0.509500,0.000010,0.000000,10.000000
jpeg_compression, 88, 0.508800,0.000010,0.000000,10.000000
jpeg_compression, 90, 0.510000,0.000010,0.000000,10.000000
jpeg_compression, 92, 0.514500,0.000010,0.000000,10.000000
jpeg_compression, 94, 0.514300,0.000010,0.000000,10.000000
jpeg_compression, 96, 0.516300,0.000010,0.000000,10.000000
jpeg_compression, 98, 0.513600,0.000010,0.000000,10.000000
jpeg_compression, 100, 0.517700,0.000010,0.000000,10.000000
motion_blur, 0, 0.341100,0.000000,0.000000,0.000000
motion_blur, 1, 0.088600,0.000010,0.000000,10.000000
motion_blur, 2, 0.167300,0.000010,0.000000,10.000000
motion_blur, 4, 0.298800,0.000010,0.000000,10.000000
motion_blur, 6, 0.343000,0.000010,0.000000,10.000000
motion_blur, 8, 0.367700,0.000010,0.000000,10.000000
motion_blur, 10, 0.383600,0.000010,0.000000,10.000000
motion_blur, 12, 0.384200,0.000010,0.000000,10.000000
motion_blur, 14, 0.404300,0.000010,0.000000,10.000000
motion_blur, 16, 0.399000,0.000010,0.000000,10.000000
motion_blur, 18, 0.412100,0.000010,0.000000,10.000000
motion_blur, 20, 0.405900,0.000010,0.000000,10.000000
motion_blur, 22, 0.420600,0.000010,0.000000,10.000000
motion_blur, 24, 0.423500,0.000010,0.000000,10.000000
motion_blur, 26, 0.423300,0.000010,0.000000,10.000000
motion_blur, 28, 0.424700,0.000010,0.000000,10.000000
motion_blur, 30, 0.428900,0.000010,0.000000,10.000000
motion_blur, 32, 0.432700,0.000010,0.000000,10.000000
motion_blur, 34, 0.435500,0.000010,0.000000,10.000000
motion_blur, 36, 0.430800,0.000010,0.000000,10.000000
motion_blur, 38, 0.431800,0.000010,0.000000,10.000000
motion_blur, 40, 0.432000,0.000010,0.000000,10.000000
motion_blur, 42, 0.431400,0.000010,0.000000,10.000000
motion_blur, 44, 0.427900,0.000010,0.000000,10.000000
motion_blur, 46, 0.430000,0.000010,0.000000,10.000000
motion_blur, 48, 0.427900,0.000010,0.000000,10.000000
motion_blur, 50, 0.430100,0.000010,0.000000,10.000000
motion_blur, 52, 0.429200,0.000010,0.000000,10.000000
motion_blur, 54, 0.429100,0.000010,0.000000,10.000000
motion_blur, 56, 0.426100,0.000010,0.000000,10.000000
motion_blur, 58, 0.426500,0.000010,0.000000,10.000000
motion_blur, 60, 0.429000,0.000010,0.000000,10.000000
motion_blur, 62, 0.429900,0.000010,0.000000,10.000000
motion_blur, 64, 0.432500,0.000010,0.000000,10.000000
motion_blur, 66, 0.348800,0.000010,0.000000,10.000000
motion_blur, 68, 0.443600,0.000010,0.000000,10.000000
motion_blur, 70, 0.447900,0.000010,0.000000,10.000000
motion_blur, 72, 0.448500,0.000010,0.000000,10.000000
motion_blur, 74, 0.466800,0.000010,0.000000,10.000000
motion_blur, 76, 0.477900,0.000010,0.000000,10.000000
motion_blur, 78, 0.481100,0.000010,0.000000,10.000000
motion_blur, 80, 0.486800,0.000010,0.000000,10.000000
motion_blur, 82, 0.486400,0.000010,0.000000,10.000000
motion_blur, 84, 0.490500,0.000010,0.000000,10.000000
motion_blur, 86, 0.489400,0.000010,0.000000,10.000000
motion_blur, 88, 0.491200,0.000010,0.000000,10.000000
motion_blur, 90, 0.490300,0.000010,0.000000,10.000000
motion_blur, 92, 0.490500,0.000010,0.000000,10.000000
motion_blur, 94, 0.487100,0.000010,0.000000,10.000000
motion_blur, 96, 0.485000,0.000010,0.000000,10.000000
motion_blur, 98, 0.486600,0.000010,0.000000,10.000000
motion_blur, 100, 0.487600,0.000010,0.000000,10.000000
pixelate, 0, 0.417300,0.000000,0.000000,0.000000
pixelate, 1, 0.122000,0.000010,0.000000,10.000000
pixelate, 2, 0.282700,0.000010,0.000000,10.000000
pixelate, 4, 0.385100,0.000010,0.000000,10.000000
pixelate, 6, 0.440500,0.000010,0.000000,10.000000
pixelate, 8, 0.468400,0.000010,0.000000,10.000000
pixelate, 10, 0.478300,0.000010,0.000000,10.000000
pixelate, 12, 0.478600,0.000010,0.000000,10.000000
pixelate, 14, 0.485800,0.000010,0.000000,10.000000
pixelate, 16, 0.486700,0.000010,0.000000,10.000000
pixelate, 18, 0.495800,0.000010,0.000000,10.000000
pixelate, 20, 0.500900,0.000010,0.000000,10.000000
pixelate, 22, 0.498100,0.000010,0.000000,10.000000
pixelate, 24, 0.505400,0.000010,0.000000,10.000000
pixelate, 26, 0.509200,0.000010,0.000000,10.000000
pixelate, 28, 0.511200,0.000010,0.000000,10.000000
pixelate, 30, 0.512400,0.000010,0.000000,10.000000
pixelate, 32, 0.509300,0.000010,0.000000,10.000000
pixelate, 34, 0.510800,0.000010,0.000000,10.000000
pixelate, 36, 0.511300,0.000010,0.000000,10.000000
pixelate, 38, 0.511700,0.000010,0.000000,10.000000
pixelate, 40, 0.511900,0.000010,0.000000,10.000000
pixelate, 42, 0.509900,0.000010,0.000000,10.000000
pixelate, 44, 0.513200,0.000010,0.000000,10.000000
pixelate, 46, 0.512400,0.000010,0.000000,10.000000
pixelate, 48, 0.511300,0.000010,0.000000,10.000000
pixelate, 50, 0.512900,0.000010,0.000000,10.000000
pixelate, 52, 0.510000,0.000010,0.000000,10.000000
pixelate, 54, 0.513600,0.000010,0.000000,10.000000
pixelate, 56, 0.516000,0.000010,0.000000,10.000000
pixelate, 58, 0.517100,0.000010,0.000000,10.000000
pixelate, 60, 0.518600,0.000010,0.000000,10.000000
pixelate, 62, 0.517900,0.000010,0.000000,10.000000
pixelate, 64, 0.518600,0.000010,0.000000,10.000000
pixelate, 66, 0.288000,0.000010,0.000000,10.000000
pixelate, 68, 0.455700,0.000010,0.000000,10.000000
pixelate, 70, 0.482900,0.000010,0.000000,10.000000
pixelate, 72, 0.489200,0.000010,0.000000,10.000000
pixelate, 74, 0.507100,0.000010,0.000000,10.000000
pixelate, 76, 0.506200,0.000010,0.000000,10.000000
pixelate, 78, 0.507100,0.000010,0.000000,10.000000
pixelate, 80, 0.507500,0.000010,0.000000,10.000000
pixelate, 82, 0.506500,0.000010,0.000000,10.000000
pixelate, 84, 0.508200,0.000010,0.000000,10.000000
pixelate, 86, 0.509900,0.000010,0.000000,10.000000
pixelate, 88, 0.505500,0.000010,0.000000,10.000000
pixelate, 90, 0.511500,0.000010,0.000000,10.000000
pixelate, 92, 0.511500,0.000010,0.000000,10.000000
pixelate, 94, 0.510300,0.000010,0.000000,10.000000
pixelate, 96, 0.511100,0.000010,0.000000,10.000000
pixelate, 98, 0.511900,0.000010,0.000000,10.000000
pixelate, 100, 0.515500,0.000010,0.000000,10.000000
shot_noise, 0, 0.270500,0.000000,0.000000,0.000000
shot_noise, 1, 0.077500,0.000010,0.000000,10.000000
shot_noise, 2, 0.201500,0.000010,0.000000,10.000000
shot_noise, 4, 0.325400,0.000010,0.000000,10.000000
shot_noise, 6, 0.344700,0.000010,0.000000,10.000000
shot_noise, 8, 0.373600,0.000010,0.000000,10.000000
shot_noise, 10, 0.388500,0.000010,0.000000,10.000000
shot_noise, 12, 0.404400,0.000010,0.000000,10.000000
shot_noise, 14, 0.414300,0.000010,0.000000,10.000000
shot_noise, 16, 0.418500,0.000010,0.000000,10.000000
shot_noise, 18, 0.420000,0.000010,0.000000,10.000000
shot_noise, 20, 0.424400,0.000010,0.000000,10.000000
shot_noise, 22, 0.425400,0.000010,0.000000,10.000000
shot_noise, 24, 0.426400,0.000010,0.000000,10.000000
shot_noise, 26, 0.424900,0.000010,0.000000,10.000000
shot_noise, 28, 0.423800,0.000010,0.000000,10.000000
shot_noise, 30, 0.424700,0.000010,0.000000,10.000000
shot_noise, 32, 0.422000,0.000010,0.000000,10.000000
shot_noise, 34, 0.425100,0.000010,0.000000,10.000000
shot_noise, 36, 0.427600,0.000010,0.000000,10.000000
shot_noise, 38, 0.427500,0.000010,0.000000,10.000000
shot_noise, 40, 0.429200,0.000010,0.000000,10.000000
shot_noise, 42, 0.431000,0.000010,0.000000,10.000000
shot_noise, 44, 0.429900,0.000010,0.000000,10.000000
shot_noise, 46, 0.429700,0.000010,0.000000,10.000000
shot_noise, 48, 0.427100,0.000010,0.000000,10.000000
shot_noise, 50, 0.430800,0.000010,0.000000,10.000000
shot_noise, 52, 0.430700,0.000010,0.000000,10.000000
shot_noise, 54, 0.429800,0.000010,0.000000,10.000000
shot_noise, 56, 0.429200,0.000010,0.000000,10.000000
shot_noise, 58, 0.431500,0.000010,0.000000,10.000000
shot_noise, 60, 0.428300,0.000010,0.000000,10.000000
shot_noise, 62, 0.427600,0.000010,0.000000,10.000000
shot_noise, 64, 0.428800,0.000010,0.000000,10.000000
shot_noise, 66, 0.340300,0.000010,0.000000,10.000000
shot_noise, 68, 0.414900,0.000010,0.000000,10.000000
shot_noise, 70, 0.420000,0.000010,0.000000,10.000000
shot_noise, 72, 0.432700,0.000010,0.000000,10.000000
shot_noise, 74, 0.440000,0.000010,0.000000,10.000000
shot_noise, 76, 0.451100,0.000010,0.000000,10.000000
shot_noise, 78, 0.452000,0.000010,0.000000,10.000000
shot_noise, 80, 0.448300,0.000010,0.000000,10.000000
shot_noise, 82, 0.448600,0.000010,0.000000,10.000000
shot_noise, 84, 0.453900,0.000010,0.000000,10.000000
shot_noise, 86, 0.455800,0.000010,0.000000,10.000000
shot_noise, 88, 0.457200,0.000010,0.000000,10.000000
shot_noise, 90, 0.454900,0.000010,0.000000,10.000000
shot_noise, 92, 0.454500,0.000010,0.000000,10.000000
shot_noise, 94, 0.458400,0.000010,0.000000,10.000000
shot_noise, 96, 0.458700,0.000010,0.000000,10.000000
shot_noise, 98, 0.458600,0.000010,0.000000,10.000000
shot_noise, 100, 0.460200,0.000010,0.000000,10.000000
snow, 0, 0.394400,0.000000,0.000000,0.000000
snow, 1, 0.063700,0.000010,0.000000,10.000000
snow, 2, 0.195400,0.000010,0.000000,10.000000
snow, 4, 0.334800,0.000010,0.000000,10.000000
snow, 6, 0.392100,0.000010,0.000000,10.000000
snow, 8, 0.411400,0.000010,0.000000,10.000000
snow, 10, 0.425700,0.000010,0.000000,10.000000
snow, 12, 0.436500,0.000010,0.000000,10.000000
snow, 14, 0.440400,0.000010,0.000000,10.000000
snow, 16, 0.443900,0.000010,0.000000,10.000000
snow, 18, 0.445200,0.000010,0.000000,10.000000
snow, 20, 0.444900,0.000010,0.000000,10.000000
snow, 22, 0.446400,0.000010,0.000000,10.000000
snow, 24, 0.448900,0.000010,0.000000,10.000000
snow, 26, 0.449000,0.000010,0.000000,10.000000
snow, 28, 0.450900,0.000010,0.000000,10.000000
snow, 30, 0.449500,0.000010,0.000000,10.000000
snow, 32, 0.455500,0.000010,0.000000,10.000000
snow, 34, 0.454200,0.000010,0.000000,10.000000
snow, 36, 0.456500,0.000010,0.000000,10.000000
snow, 38, 0.452700,0.000010,0.000000,10.000000
snow, 40, 0.457000,0.000010,0.000000,10.000000
snow, 42, 0.455300,0.000010,0.000000,10.000000
snow, 44, 0.459200,0.000010,0.000000,10.000000
snow, 46, 0.460000,0.000010,0.000000,10.000000
snow, 48, 0.459700,0.000010,0.000000,10.000000
snow, 50, 0.459300,0.000010,0.000000,10.000000
snow, 52, 0.461300,0.000010,0.000000,10.000000
snow, 54, 0.458400,0.000010,0.000000,10.000000
snow, 56, 0.458400,0.000010,0.000000,10.000000
snow, 58, 0.460800,0.000010,0.000000,10.000000
snow, 60, 0.461200,0.000010,0.000000,10.000000
snow, 62, 0.462100,0.000010,0.000000,10.000000
snow, 64, 0.461700,0.000010,0.000000,10.000000
snow, 66, 0.340800,0.000010,0.000000,10.000000
snow, 68, 0.417500,0.000010,0.000000,10.000000
snow, 70, 0.439400,0.000010,0.000000,10.000000
snow, 72, 0.450300,0.000010,0.000000,10.000000
snow, 74, 0.453600,0.000010,0.000000,10.000000
snow, 76, 0.457500,0.000010,0.000000,10.000000
snow, 78, 0.459100,0.000010,0.000000,10.000000
snow, 80, 0.460700,0.000010,0.000000,10.000000
snow, 82, 0.463400,0.000010,0.000000,10.000000
snow, 84, 0.465700,0.000010,0.000000,10.000000
snow, 86, 0.464000,0.000010,0.000000,10.000000
snow, 88, 0.467500,0.000010,0.000000,10.000000
snow, 90, 0.465500,0.000010,0.000000,10.000000
snow, 92, 0.469900,0.000010,0.000000,10.000000
snow, 94, 0.470400,0.000010,0.000000,10.000000
snow, 96, 0.469200,0.000010,0.000000,10.000000
snow, 98, 0.468200,0.000010,0.000000,10.000000
snow, 100, 0.468600,0.000010,0.000000,10.000000
zoom_blur, 0, 0.356400,0.000000,0.000000,0.000000
zoom_blur, 1, 0.087900,0.000010,0.000000,10.000000
zoom_blur, 2, 0.177800,0.000010,0.000000,10.000000
zoom_blur, 4, 0.285300,0.000010,0.000000,10.000000
zoom_blur, 6, 0.355500,0.000010,0.000000,10.000000
zoom_blur, 8, 0.392900,0.000010,0.000000,10.000000
zoom_blur, 10, 0.386000,0.000010,0.000000,10.000000
zoom_blur, 12, 0.397500,0.000010,0.000000,10.000000
zoom_blur, 14, 0.405200,0.000010,0.000000,10.000000
zoom_blur, 16, 0.424100,0.000010,0.000000,10.000000
zoom_blur, 18, 0.429600,0.000010,0.000000,10.000000
zoom_blur, 20, 0.431700,0.000010,0.000000,10.000000
zoom_blur, 22, 0.432000,0.000010,0.000000,10.000000
zoom_blur, 24, 0.436700,0.000010,0.000000,10.000000
zoom_blur, 26, 0.440000,0.000010,0.000000,10.000000
zoom_blur, 28, 0.444600,0.000010,0.000000,10.000000
zoom_blur, 30, 0.446200,0.000010,0.000000,10.000000
zoom_blur, 32, 0.452500,0.000010,0.000000,10.000000
zoom_blur, 34, 0.453100,0.000010,0.000000,10.000000
zoom_blur, 36, 0.446200,0.000010,0.000000,10.000000
zoom_blur, 38, 0.451400,0.000010,0.000000,10.000000
zoom_blur, 40, 0.448900,0.000010,0.000000,10.000000
zoom_blur, 42, 0.452100,0.000010,0.000000,10.000000
zoom_blur, 44, 0.451600,0.000010,0.000000,10.000000
zoom_blur, 46, 0.453500,0.000010,0.000000,10.000000
zoom_blur, 48, 0.452100,0.000010,0.000000,10.000000
zoom_blur, 50, 0.451000,0.000010,0.000000,10.000000
zoom_blur, 52, 0.451800,0.000010,0.000000,10.000000
zoom_blur, 54, 0.457900,0.000010,0.000000,10.000000
zoom_blur, 56, 0.453600,0.000010,0.000000,10.000000
zoom_blur, 58, 0.455500,0.000010,0.000000,10.000000
zoom_blur, 60, 0.458000,0.000010,0.000000,10.000000
zoom_blur, 62, 0.460400,0.000010,0.000000,10.000000
zoom_blur, 64, 0.459100,0.000010,0.000000,10.000000
zoom_blur, 66, 0.343800,0.000010,0.000000,10.000000
zoom_blur, 68, 0.442100,0.000010,0.000000,10.000000
zoom_blur, 70, 0.472900,0.000010,0.000000,10.000000
zoom_blur, 72, 0.495700,0.000010,0.000000,10.000000
zoom_blur, 74, 0.506500,0.000010,0.000000,10.000000
zoom_blur, 76, 0.515200,0.000010,0.000000,10.000000
zoom_blur, 78, 0.507600,0.000010,0.000000,10.000000
zoom_blur, 80, 0.505800,0.000010,0.000000,10.000000
zoom_blur, 82, 0.513200,0.000010,0.000000,10.000000
zoom_blur, 84, 0.514800,0.000010,0.000000,10.000000
zoom_blur, 86, 0.513900,0.000010,0.000000,10.000000
zoom_blur, 88, 0.516100,0.000010,0.000000,10.000000
zoom_blur, 90, 0.517000,0.000010,0.000000,10.000000
zoom_blur, 92, 0.518200,0.000010,0.000000,10.000000
zoom_blur, 94, 0.515400,0.000010,0.000000,10.000000
zoom_blur, 96, 0.515500,0.000010,0.000000,10.000000
zoom_blur, 98, 0.516100,0.000010,0.000000,10.000000
zoom_blur, 100, 0.518100,0.000010,0.000000,10.000000
